085188591189
085188591190
085188591194
085188591195
085188591129
085188591192
085188591291
085188591184
085188591196
085188591303
085188591304
085188591131
085188591277
085188591306
085188591217
085188591241
085188591193
085188591331
085188591307
085188591305
085188591278
085188591246
085188591313
085188591299
085188591332
085188591310
085188591323
085188591197
085188591334
085188591340
085188591312
085188591309
085188591357
085188502776
085188503394
085188513077
085188510986
085188510740
085188510765
085188512033
085188512376
085188510983
085188510982
085188512341
085188511678
085188510975
085188512346
085188511889
085188510782
085188511982
085188512383
085188512371
085188511966
085188512372
085188510989
085188512006
085188512344
085188511513
085188512061
085188512389
085188512105
085188512319
085188512382
085188510997
085188512374
085188512140
085188512016
085188512334
085188512338
085188511521
085188512347
085188512381
085188512377
085188512115
085188511858
085188512386
085188512318
085188512391
085188512384
085188512349
085188512378
085188512037
085188512329
085188512375
085188512388
085188512385
085188512126
085188512330
085188512380
085188512387
085188512331
085188512148
085188512392
085188512379
085188512348
085188512370
085188512373
085188512393
085188512395
085188512397
085188512400
085188512401
085188512403
085188512396
085188512394
085188512398
085188512402
085188512406
085188512413
085188512404
085188512408
085188512417
085188512409
085188512399
085188512419
085188512415
085188512418
085188512426
085188512412
085188512405
085188512428
085188512431
085188512420
085188512423
085188512436
085188512422
085188512434
085188512407
085188512442
085188512414
085188512448
085188512425
085188512424
085188512450
085188512429
085188512435
085188512440
085188512410
085188512460
085188512449
085188512452
085188512438
085188512430
085188512437
085188512464
085188512465
085188512411
085188512453
085188512459
085188512476
085188512439
085188512454
085188512457
085188512441
085188512467
085188512446
085188512461
085188512416
085188512479
085188512451
085188512468
085188512478
085188512466
085188512445
085188512463
085188512485
085188512474
085188512469
085188512455
085188512480
085188512475
085188512482
085188512487
085188512421
085188512471
085188512481
085188512492
085188512484
085188512458
085188512477
085188512488
085188512490
085188512496
085188512427
085188512470
085188512472
085188512494
085188512489
085188512497
085188512491
085188512486
085188512433
085188512495
085188512493
085188512447
085188512462
085188512483
085188512498
085188512499
085188512500
085188512501
085188512505
085188512502
085188512506
085188512508
085188512507
085188512511
085188512504
085188512516
085188512521
085188512512
085188512522
085188512524
085188512515
085188512517
085188512520
085188512509
085188512527
085188512533
085188512523
085188512526
085188512525
085188512510
085188512536
085188512529
085188512539
085188512544
085188512534
085188512546
085188512530
085188512513
085188512528
085188512531
085188512541
085188512556
085188512538
085188512561
085188512558
085188512535
085188512563
085188512549
085188512537
085188512566
085188512514
085188512562
085188512547
085188512572
085188512575
085188512551
085188512583
085188512540
085188512550
085188512545
085188512565
085188512570
085188512548
085188512576
085188512610
085188512557
085188512552
085188512553
085188512606
085188512571
085188512573
085188512554
085188512611
085188512580
085188512627
085188512560
085188512569
085188512581
085188512559
085188512605
085188512579
085188512587
085188512613
085188512633
085188512564
085188512586
085188512609
085188512584
085188512612
085188512585
085188512617
085188512616
085188512614
085188512588
085188512622
085188512619
085188512618
085188512615
085188512629
085188512620
085188512634
085188512631
085188512637
085188512638
085188512639
085188512640
085188512641
085188512643
085188512647
085188512648
085188512642
085188512650
085188512651
085188512649
085188512644
085188512655
085188512658
085188512646
085188512653
085188512663
085188512652
085188512654
085188512645
085188512660
085188512667
085188512659
085188512665
085188512672
085188512675
085188512661
085188512657
085188512671
085188512656
085188512677
085188512676
085188512674
085188512685
085188512662
085188512680
085188512669
085188512673
085188512691
085188512681
085188512664
085188512689
085188512687
085188512684
085188512670
085188512682
085188512707
085188512668
